frame 1:(118,72), (112,96), (120,169), (136,241), (131,260), (174,268), (191,258), 
frame 2:(118,71), (112,95), (120,169), (136,241), (131,259), (173,267), (190,258), 
frame 3:(119,71), (113,95), (120,169), (136,241), (131,259), (174,268), (191,258), 
frame 4:(119,71), (113,95), (120,169), (136,241), (131,260), (173,268), (191,258), 
frame 5:(120,71), (113,95), (120,169), (136,241), (131,260), (174,268), (191,258), 
frame 6:(120,71), (114,95), (121,169), (136,241), (131,260), (174,268), (191,258), 
frame 7:(121,71), (114,95), (121,169), (136,241), (131,260), (174,268), (191,258), 
frame 8:(121,71), (115,95), (121,169), (136,241), (131,260), (174,268), (191,258), 
frame 9:(121,71), (115,95), (121,169), (136,241), (131,260), (174,268), (191,258), 
frame 10:(122,71), (115,95), (121,168), (136,241), (131,260), (173,268), (191,258), 
frame 11:(122,71), (116,95), (122,168), (136,241), (131,260), (173,268), (191,258), 
frame 12:(123,71), (116,95), (122,168), (136,241), (131,260), (173,268), (191,258), 
frame 13:(123,71), (116,95), (122,168), (136,241), (131,260), (173,268), (191,258), 
frame 14:(123,71), (116,95), (122,168), (136,241), (131,260), (173,268), (191,258), 
frame 15:(124,71), (117,95), (122,168), (136,241), (131,260), (173,268), (191,258), 
frame 16:(124,71), (117,95), (122,169), (136,241), (131,260), (173,268), (191,258), 
frame 17:(124,71), (117,95), (122,169), (136,241), (131,260), (173,268), (191,258), 
frame 18:(125,71), (117,95), (123,169), (136,241), (131,260), (173,268), (191,258), 
frame 19:(125,71), (118,95), (123,169), (136,241), (131,260), (173,268), (191,258), 
frame 20:(125,71), (118,95), (123,169), (136,241), (131,260), (173,268), (191,258), 
frame 21:(125,71), (118,95), (123,169), (136,241), (131,260), (173,268), (191,258), 
frame 22:(126,72), (119,95), (123,169), (136,241), (131,260), (174,268), (191,258), 
frame 23:(126,72), (119,96), (123,169), (136,241), (131,260), (173,268), (191,258), 
frame 24:(126,72), (119,96), (123,169), (136,241), (131,260), (173,268), (191,258), 
frame 25:(126,72), (119,96), (124,169), (136,241), (131,260), (173,268), (191,258), 
frame 26:(127,72), (119,96), (124,169), (136,241), (131,260), (173,268), (191,258), 
frame 27:(127,72), (120,96), (124,169), (136,241), (131,260), (173,268), (191,258), 
frame 28:(127,72), (120,96), (124,169), (136,241), (131,260), (173,268), (191,258), 
frame 29:(127,72), (120,96), (124,169), (136,241), (131,260), (173,268), (191,258), 
frame 30:(128,72), (120,96), (124,169), (136,241), (131,260), (173,268), (191,258), 
frame 31:(128,72), (121,96), (124,169), (136,241), (131,260), (173,268), (191,258), 
frame 32:(128,72), (121,96), (124,170), (136,241), (131,260), (173,268), (191,258), 
frame 33:(129,72), (121,96), (124,170), (136,242), (131,260), (173,268), (191,258), 
frame 34:(129,72), (121,96), (125,170), (136,242), (131,260), (173,268), (191,258), 
frame 35:(129,72), (121,96), (125,170), (136,242), (131,260), (173,268), (191,258), 
frame 36:(130,72), (122,96), (125,170), (136,242), (130,260), (173,268), (191,258), 
frame 37:(130,72), (122,96), (125,170), (136,242), (130,260), (173,268), (191,258), 
frame 38:(130,72), (122,96), (125,170), (136,242), (131,260), (173,268), (191,258), 
frame 39:(130,72), (123,96), (125,170), (136,242), (130,260), (173,268), (191,258), 
frame 40:(131,72), (123,96), (125,170), (136,242), (130,260), (173,268), (191,258), 
frame 41:(131,72), (123,96), (125,170), (136,242), (130,260), (173,268), (191,258), 
frame 42:(132,72), (124,96), (126,170), (136,242), (130,260), (173,268), (191,258), 
frame 43:(132,72), (124,96), (126,170), (136,242), (130,260), (173,268), (191,258), 
frame 44:(133,72), (124,97), (126,170), (136,242), (130,260), (173,268), (191,258), 
frame 45:(133,73), (125,96), (126,170), (136,242), (130,260), (173,268), (191,258), 
frame 46:(133,73), (125,96), (127,170), (136,242), (130,260), (173,268), (191,258), 
frame 47:(134,73), (125,96), (127,170), (136,242), (130,260), (173,268), (191,258), 
frame 48:(134,73), (126,97), (127,170), (136,242), (130,260), (173,268), (191,258), 
frame 49:(134,73), (126,97), (127,170), (136,241), (130,260), (173,268), (191,258), 
frame 50:(135,73), (127,97), (127,170), (136,241), (130,260), (174,268), (191,258), 
frame 51:(135,73), (127,97), (127,170), (136,242), (131,260), (174,268), (191,258), 
frame 52:(136,73), (127,97), (128,170), (136,242), (131,260), (174,268), (191,258), 
frame 53:(136,73), (128,97), (128,170), (136,242), (131,260), (174,268), (191,258), 
frame 54:(137,73), (128,97), (128,170), (137,242), (131,260), (173,268), (191,258), 
frame 55:(137,73), (128,97), (128,170), (137,242), (131,260), (173,268), (191,258), 
frame 56:(137,73), (129,97), (129,170), (137,242), (131,260), (174,268), (191,258), 
frame 57:(138,73), (129,97), (129,170), (137,242), (131,260), (173,268), (191,258), 
frame 58:(138,73), (129,97), (129,170), (137,242), (131,260), (173,268), (191,258), 
frame 59:(139,73), (130,97), (129,171), (137,242), (130,260), (173,268), (191,258), 
frame 60:(139,73), (130,97), (129,171), (137,242), (130,260), (173,268), (191,258), 
frame 61:(139,73), (130,97), (130,171), (137,242), (130,260), (173,268), (191,258), 
frame 62:(140,73), (131,97), (130,171), (137,242), (130,260), (174,268), (191,258), 
frame 63:(140,73), (131,97), (130,171), (137,242), (130,260), (174,268), (191,258), 
frame 64:(140,73), (131,97), (130,171), (137,242), (130,260), (174,268), (191,258), 
frame 65:(141,73), (132,97), (130,171), (137,242), (130,260), (174,268), (191,258), 
frame 66:(141,73), (132,97), (130,171), (137,242), (130,260), (174,268), (191,258), 
frame 67:(142,73), (132,97), (130,171), (137,241), (130,260), (173,268), (191,258), 
frame 68:(142,74), (132,97), (131,171), (137,242), (130,260), (173,268), (191,258), 
frame 69:(142,74), (133,97), (131,171), (137,241), (131,260), (173,268), (191,258), 
frame 70:(143,74), (133,97), (131,171), (137,242), (130,260), (173,268), (191,258), 
frame 71:(143,74), (133,98), (131,171), (137,242), (130,260), (173,268), (191,258), 
frame 72:(143,74), (134,98), (132,171), (137,241), (130,260), (173,268), (191,258), 
frame 73:(144,74), (134,98), (131,171), (137,242), (130,260), (173,268), (191,258), 
frame 74:(144,74), (134,98), (132,171), (137,242), (130,260), (173,268), (191,258), 
frame 75:(144,74), (135,98), (132,171), (137,242), (130,260), (173,268), (191,258), 
frame 76:(145,74), (135,98), (132,171), (137,241), (130,260), (173,268), (191,258), 
frame 77:(145,74), (135,98), (132,171), (137,242), (130,260), (173,268), (191,258), 
frame 78:(145,74), (135,98), (133,171), (137,242), (130,260), (173,268), (191,258), 
frame 79:(146,74), (136,98), (133,171), (137,241), (130,260), (173,268), (191,258), 
frame 80:(146,74), (136,98), (133,171), (137,241), (130,260), (173,268), (191,258), 
frame 81:(147,74), (136,98), (133,171), (137,241), (130,260), (173,268), (191,258), 
frame 82:(147,74), (137,98), (133,171), (137,242), (130,260), (173,268), (191,258), 
frame 83:(147,75), (137,98), (133,171), (137,242), (130,260), (173,268), (191,258), 
frame 84:(147,75), (137,98), (133,171), (137,242), (130,260), (173,268), (191,258), 
frame 85:(148,75), (138,98), (134,171), (137,242), (130,260), (173,268), (191,258), 
frame 86:(148,75), (138,98), (134,171), (137,242), (130,260), (173,268), (191,258), 
frame 87:(148,75), (138,98), (134,171), (137,242), (130,260), (173,268), (191,258), 
frame 88:(149,75), (138,98), (134,171), (137,242), (130,260), (173,268), (191,258), 
frame 89:(149,75), (139,98), (134,171), (137,242), (131,260), (173,268), (191,258), 
frame 90:(149,75), (139,98), (134,171), (137,242), (131,260), (173,268), (191,258), 
frame 91:(150,75), (139,98), (134,171), (137,242), (131,260), (173,268), (191,258), 
frame 92:(150,75), (139,98), (134,171), (137,242), (131,260), (173,268), (191,258), 
frame 93:(150,75), (140,99), (134,171), (137,242), (130,260), (173,268), (191,258), 
frame 94:(151,75), (140,99), (135,172), (137,242), (130,260), (173,268), (191,258), 
frame 95:(151,75), (140,99), (135,171), (137,242), (130,260), (173,268), (191,259), 
frame 96:(151,76), (141,99), (135,172), (137,242), (130,260), (173,268), (191,259), 
frame 97:(152,76), (141,99), (135,172), (137,242), (130,260), (173,268), (191,259), 
frame 98:(152,76), (141,99), (135,172), (137,242), (130,260), (174,268), (191,259), 
frame 99:(153,76), (142,99), (136,172), (137,242), (130,260), (173,268), (191,259), 
frame 100:(153,76), (142,99), (136,172), (137,242), (130,260), (173,268), (191,259), 
frame 101:(153,76), (143,99), (136,172), (137,242), (130,260), (173,268), (191,259), 
frame 102:(153,76), (143,99), (136,172), (137,242), (130,260), (173,269), (191,259), 
frame 103:(154,76), (143,99), (136,172), (137,242), (130,260), (173,268), (191,259), 
frame 104:(154,76), (143,99), (136,172), (137,242), (130,260), (173,268), (191,259), 
frame 105:(154,76), (144,99), (136,172), (137,242), (130,260), (173,268), (191,259), 
frame 106:(155,76), (144,99), (136,172), (137,242), (130,260), (173,268), (191,259), 
frame 107:(155,76), (144,99), (137,172), (137,242), (130,260), (173,268), (191,259), 
frame 108:(155,76), (144,99), (137,172), (137,242), (130,260), (173,268), (191,259), 
frame 109:(156,76), (145,99), (137,172), (137,242), (130,260), (173,269), (191,259), 
frame 110:(156,76), (145,100), (137,172), (137,242), (130,260), (173,269), (191,259), 
frame 111:(156,77), (145,100), (137,172), (137,242), (130,260), (173,269), (191,259), 
frame 112:(157,77), (145,100), (137,172), (137,242), (130,260), (173,269), (191,259), 
frame 113:(157,77), (146,100), (137,172), (137,242), (131,260), (173,269), (191,259), 
frame 114:(157,77), (146,100), (138,172), (137,242), (131,260), (173,269), (191,259), 
frame 115:(158,77), (146,100), (138,172), (138,242), (131,260), (173,269), (191,259), 
frame 116:(158,77), (147,100), (138,172), (138,242), (131,260), (173,269), (191,259), 
frame 117:(159,77), (147,100), (138,172), (138,242), (131,260), (173,269), (191,259), 
frame 118:(159,77), (147,100), (138,172), (138,242), (131,260), (173,269), (191,259), 
frame 119:(159,77), (148,100), (138,172), (138,242), (131,260), (173,269), (191,259), 
frame 120:(159,77), (148,100), (138,172), (138,242), (131,260), (173,269), (191,259), 
frame 121:(160,77), (148,100), (139,172), (138,242), (131,260), (173,269), (191,259), 
frame 122:(160,77), (149,100), (139,172), (138,242), (131,260), (173,269), (191,259), 
frame 123:(161,77), (149,100), (139,172), (138,242), (131,260), (173,269), (191,259), 
frame 124:(161,77), (150,100), (139,172), (138,242), (131,260), (173,269), (191,259), 
frame 125:(161,77), (150,100), (140,172), (138,242), (131,260), (173,269), (191,259), 
frame 126:(162,77), (150,100), (140,172), (138,242), (131,260), (173,269), (191,259), 
frame 127:(162,77), (151,100), (140,172), (138,242), (131,260), (173,269), (191,259), 
frame 128:(163,78), (151,100), (140,172), (138,241), (131,260), (173,269), (191,259), 
frame 129:(163,78), (151,100), (140,172), (138,241), (131,260), (173,269), (191,259), 
frame 130:(164,78), (152,100), (141,172), (138,241), (131,260), (173,269), (191,259), 
frame 131:(164,78), (152,100), (141,172), (138,241), (131,260), (173,269), (191,259), 
frame 132:(164,78), (152,100), (141,172), (138,241), (131,260), (173,269), (191,259), 
frame 133:(165,78), (153,100), (141,172), (138,241), (131,260), (173,269), (191,259), 
frame 134:(165,78), (153,100), (141,172), (138,241), (131,260), (173,269), (191,259), 
frame 135:(166,78), (154,100), (142,172), (138,241), (131,260), (173,269), (191,259), 
frame 136:(166,78), (154,100), (142,172), (138,241), (131,259), (173,269), (191,259), 
frame 137:(167,78), (155,100), (142,172), (138,241), (131,259), (173,269), (191,260), 
frame 138:(167,78), (155,100), (142,172), (138,241), (131,259), (173,269), (191,260), 
frame 139:(168,78), (155,100), (143,172), (138,241), (131,259), (173,269), (191,260), 
frame 140:(169,78), (156,100), (143,172), (138,241), (131,259), (173,269), (191,260), 
frame 141:(169,78), (156,100), (143,172), (138,241), (131,259), (173,269), (191,260), 
frame 142:(169,78), (157,100), (143,172), (138,240), (131,259), (173,269), (191,260), 
frame 143:(170,78), (157,100), (143,172), (138,240), (131,259), (173,269), (191,260), 
frame 144:(170,78), (158,100), (144,172), (138,240), (131,259), (173,269), (191,260), 
frame 145:(171,79), (158,100), (144,172), (138,240), (131,258), (173,269), (191,260), 
frame 146:(171,79), (158,100), (144,172), (138,240), (131,258), (173,269), (191,260), 
frame 147:(172,78), (159,100), (144,172), (139,240), (132,258), (173,269), (191,260), 
frame 148:(172,78), (159,100), (144,172), (139,240), (132,258), (173,269), (191,260), 
frame 149:(173,79), (160,100), (145,172), (139,240), (132,258), (173,269), (191,260), 
frame 150:(173,79), (160,100), (145,172), (139,240), (132,258), (173,269), (191,260), 
frame 151:(174,79), (161,100), (145,172), (139,240), (132,257), (173,269), (191,260), 
frame 152:(174,78), (161,100), (145,171), (139,240), (132,257), (173,269), (191,260), 
frame 153:(175,79), (162,100), (146,171), (139,240), (132,257), (173,269), (191,260), 
frame 154:(176,79), (162,100), (146,171), (139,239), (132,257), (173,269), (191,260), 
frame 155:(176,79), (163,100), (146,171), (139,239), (132,257), (173,269), (191,260), 
frame 156:(177,79), (163,100), (147,171), (139,239), (132,257), (173,269), (191,260), 
frame 157:(177,79), (164,100), (147,171), (139,239), (132,256), (173,269), (191,260), 
frame 158:(178,79), (165,100), (147,171), (140,239), (132,256), (173,269), (191,260), 
frame 159:(179,79), (165,100), (147,170), (140,238), (132,256), (173,269), (191,260), 
frame 160:(180,79), (166,100), (148,170), (140,238), (132,256), (173,269), (191,260), 
frame 161:(180,79), (166,100), (148,170), (140,238), (132,256), (173,269), (191,260), 
frame 162:(181,79), (167,100), (149,170), (140,238), (132,255), (173,269), (191,260), 
frame 163:(182,78), (168,100), (149,170), (140,238), (132,255), (173,269), (191,260), 
frame 164:(183,78), (169,99), (149,170), (140,237), (132,255), (173,269), (191,260), 
frame 165:(183,78), (169,99), (150,169), (140,237), (132,254), (173,269), (191,260), 
frame 166:(184,78), (170,99), (150,169), (140,237), (132,254), (173,269), (191,260), 
frame 167:(185,78), (171,99), (150,169), (140,237), (132,254), (173,269), (191,260), 
frame 168:(186,78), (171,99), (151,168), (141,236), (132,253), (173,269), (192,260), 
frame 169:(187,78), (172,99), (151,168), (141,236), (133,253), (173,269), (192,260), 
frame 170:(188,78), (173,99), (152,168), (141,235), (133,252), (173,269), (192,260), 
frame 171:(189,78), (174,99), (152,168), (141,235), (133,252), (173,269), (192,260), 
frame 172:(190,78), (175,99), (153,167), (141,235), (133,252), (172,269), (192,260), 
frame 173:(191,77), (176,98), (153,167), (141,234), (133,251), (173,269), (192,260), 
frame 174:(191,77), (176,98), (154,167), (141,234), (133,251), (173,268), (192,260), 
frame 175:(193,77), (177,98), (154,166), (141,234), (133,250), (173,268), (192,260), 
frame 176:(194,77), (178,98), (155,166), (141,233), (133,250), (173,268), (192,260), 
frame 177:(195,77), (179,98), (155,166), (142,233), (133,249), (173,268), (192,260), 
frame 178:(196,77), (180,98), (156,166), (142,232), (133,249), (173,268), (192,260), 
frame 179:(197,77), (182,97), (157,165), (142,232), (133,248), (173,268), (192,260), 
frame 180:(198,77), (183,97), (157,165), (142,232), (133,248), (173,268), (192,260), 
frame 181:(200,77), (184,97), (158,164), (142,231), (133,247), (173,268), (192,260), 
frame 182:(201,77), (185,97), (159,164), (143,230), (133,247), (173,268), (192,260), 
frame 183:(202,76), (186,97), (159,164), (143,230), (134,246), (173,268), (192,260), 
frame 184:(204,76), (187,96), (160,163), (143,229), (134,245), (173,268), (193,260), 
frame 185:(205,76), (189,96), (161,163), (144,229), (134,245), (173,267), (193,260), 
frame 186:(206,76), (190,96), (162,162), (144,228), (134,244), (173,267), (193,260), 
frame 187:(208,76), (191,96), (162,162), (144,228), (134,243), (173,267), (193,260), 
frame 188:(209,75), (193,95), (163,161), (145,227), (135,242), (173,267), (193,260), 
frame 189:(211,75), (194,95), (164,161), (145,226), (135,241), (173,267), (193,261), 
frame 190:(212,75), (195,95), (165,160), (145,226), (135,241), (173,267), (194,261), 
frame 191:(213,75), (196,94), (166,160), (146,225), (136,240), (173,266), (194,261), 
frame 192:(215,74), (198,94), (167,159), (147,224), (136,239), (173,266), (194,261), 
frame 193:(216,74), (199,94), (168,158), (147,223), (136,238), (173,266), (194,262), 
frame 194:(218,74), (201,93), (169,158), (147,223), (137,237), (173,266), (194,262), 
frame 195:(220,74), (202,93), (170,157), (148,222), (137,237), (173,266), (194,262), 
frame 196:(221,74), (204,93), (171,157), (148,222), (138,236), (173,266), (194,262), 
frame 197:(223,74), (205,92), (172,156), (149,221), (138,235), (173,266), (195,262), 
frame 198:(225,74), (207,92), (173,155), (150,220), (139,234), (173,265), (195,262), 
frame 199:(226,73), (208,92), (174,155), (150,219), (139,233), (174,265), (195,263), 
frame 200:(228,73), (209,92), (175,154), (151,219), (140,232), (174,265), (195,263), 
frame 201:(230,73), (211,91), (176,154), (152,218), (140,231), (174,265), (195,263), 
frame 202:(232,73), (212,91), (177,153), (152,217), (141,230), (174,265), (195,263), 
frame 203:(233,73), (214,91), (178,152), (153,217), (141,229), (174,265), (195,263), 
frame 204:(235,72), (216,90), (179,152), (154,216), (142,229), (174,265), (196,263), 
frame 205:(237,72), (217,90), (181,151), (154,215), (143,228), (174,265), (196,263), 
frame 206:(239,72), (219,90), (182,150), (155,214), (144,227), (174,265), (196,263), 
frame 207:(241,72), (221,90), (183,150), (156,213), (144,226), (174,265), (196,263), 
frame 208:(243,72), (223,89), (184,149), (157,212), (145,224), (175,265), (196,263), 
frame 209:(245,72), (225,89), (186,149), (158,212), (146,223), (175,265), (196,263), 
frame 210:(246,72), (226,89), (187,148), (159,211), (147,222), (175,265), (196,263), 
frame 211:(249,71), (228,88), (189,147), (160,210), (148,221), (175,264), (196,263), 
frame 212:(251,71), (230,88), (191,147), (161,209), (149,220), (175,264), (196,263), 
frame 213:(252,71), (232,88), (192,146), (162,208), (150,219), (176,264), (196,263), 
frame 214:(255,71), (234,88), (194,146), (163,207), (151,217), (176,263), (196,263), 
frame 215:(257,71), (236,87), (195,145), (164,207), (152,216), (176,263), (196,262), 
frame 216:(259,71), (238,87), (197,144), (165,206), (152,215), (176,263), (197,262), 
frame 217:(261,71), (241,87), (199,143), (166,205), (154,214), (177,262), (197,262), 
frame 218:(264,71), (243,87), (200,143), (167,203), (155,212), (177,261), (197,261), 
frame 219:(266,71), (245,87), (202,142), (168,202), (156,211), (177,261), (197,261), 
frame 220:(269,70), (247,87), (204,141), (170,201), (157,209), (177,260), (197,260), 
frame 221:(271,71), (250,86), (206,140), (171,200), (158,208), (178,259), (198,260), 
frame 222:(274,71), (252,86), (208,140), (172,199), (160,207), (178,258), (198,260), 
frame 223:(276,71), (255,86), (210,139), (174,198), (161,205), (179,257), (199,259), 
frame 224:(279,70), (257,85), (212,138), (175,197), (163,204), (179,256), (199,258), 
frame 225:(281,70), (259,85), (214,138), (177,196), (164,202), (180,255), (199,258), 
frame 226:(284,70), (262,85), (216,137), (179,195), (166,201), (181,254), (200,257), 
frame 227:(287,70), (264,85), (219,137), (180,194), (167,200), (182,253), (201,257), 
frame 228:(289,70), (267,84), (221,136), (182,192), (169,198), (182,251), (201,256), 
frame 229:(292,70), (270,84), (224,135), (184,192), (171,197), (183,250), (202,256), 
frame 230:(295,69), (272,84), (226,135), (186,190), (173,196), (184,250), (203,255), 
frame 231:(297,69), (275,83), (228,134), (188,190), (175,194), (185,248), (204,254), 
frame 232:(300,69), (278,83), (230,133), (190,189), (176,193), (186,247), (205,253), 
frame 233:(303,69), (281,83), (233,133), (192,188), (179,192), (188,246), (206,253), 
frame 234:(305,69), (283,83), (235,133), (194,187), (180,191), (189,245), (207,252), 
frame 235:(308,68), (286,83), (238,132), (196,186), (182,190), (190,244), (209,251), 
frame 236:(311,68), (289,82), (240,132), (198,185), (185,189), (192,243), (210,251), 
frame 237:(313,68), (291,82), (242,131), (200,184), (186,188), (194,242), (211,250), 
frame 238:(316,68), (294,82), (245,131), (202,183), (189,187), (195,241), (213,249), 
frame 239:(319,68), (297,82), (247,130), (204,183), (191,186), (197,241), (215,249), 
frame 240:(321,68), (299,81), (249,130), (206,182), (193,186), (199,240), (216,248), 
frame 241:(324,67), (302,81), (252,130), (209,182), (195,185), (201,240), (218,248), 
frame 242:(326,67), (304,81), (254,129), (211,181), (197,185), (203,239), (221,248), 
frame 243:(329,67), (307,81), (257,129), (213,181), (200,185), (206,239), (223,247), 
frame 244:(332,67), (309,80), (259,129), (216,181), (202,185), (208,238), (225,247), 
frame 245:(334,66), (312,80), (261,128), (218,180), (205,185), (210,238), (228,247), 
frame 246:(337,66), (314,80), (264,128), (221,180), (207,185), (213,238), (231,247), 
frame 247:(339,66), (317,80), (266,128), (223,180), (209,185), (216,238), (233,247), 
frame 248:(341,65), (319,79), (269,128), (225,180), (212,185), (219,238), (237,247), 
frame 249:(344,65), (322,79), (271,128), (228,181), (214,186), (222,237), (239,246), 
frame 250:(346,65), (324,79), (274,128), (230,181), (216,186), (225,238), (243,247), 
frame 251:(349,65), (327,79), (276,128), (233,181), (219,187), (228,238), (246,247), 
frame 252:(351,65), (329,79), (279,129), (236,182), (222,187), (231,238), (249,247), 
frame 253:(354,64), (332,79), (281,129), (238,182), (224,188), (234,239), (253,247), 
frame 254:(356,64), (334,79), (284,129), (241,183), (227,189), (238,239), (256,248), 
frame 255:(358,64), (336,79), (286,129), (244,184), (230,190), (241,240), (259,248), 
frame 256:(361,64), (339,79), (289,130), (246,185), (232,192), (245,241), (263,248), 
frame 257:(363,64), (341,79), (291,130), (249,185), (235,193), (249,242), (267,249), 
frame 258:(365,64), (344,79), (294,131), (252,186), (237,194), (253,243), (270,249), 
frame 259:(368,63), (346,79), (297,131), (255,187), (241,195), (256,244), (274,250), 
frame 260:(370,63), (349,79), (299,131), (258,188), (243,197), (260,244), (279,251), 
frame 261:(372,63), (351,79), (302,132), (261,190), (246,198), (264,245), (282,251), 
frame 262:(375,63), (353,79), (305,133), (264,191), (249,199), (268,246), (286,252), 
frame 263:(377,63), (356,79), (307,134), (267,192), (252,201), (273,247), (291,252), 
frame 264:(379,63), (358,79), (310,134), (270,193), (255,203), (277,248), (295,253), 
frame 265:(382,63), (360,80), (313,135), (273,195), (258,205), (281,250), (299,254), 
frame 266:(384,63), (363,80), (315,136), (276,196), (262,206), (285,250), (303,255), 
frame 267:(386,63), (365,80), (318,137), (279,198), (265,208), (290,252), (308,256), 
frame 268:(388,63), (367,80), (321,138), (283,199), (268,210), (294,253), (312,256), 
frame 269:(390,63), (369,80), (324,139), (286,201), (272,212), (299,254), (316,257), 
frame 270:(392,63), (372,81), (327,140), (289,202), (275,214), (303,256), (321,258), 
frame 271:(395,63), (374,81), (329,141), (293,204), (279,216), (307,257), (325,259), 
frame 272:(397,63), (376,81), (332,142), (296,205), (282,218), (312,258), (330,259), 
frame 273:(399,63), (378,82), (335,143), (300,207), (286,220), (317,259), (334,260), 
frame 274:(401,63), (380,82), (338,144), (304,209), (290,222), (321,260), (339,261), 
frame 275:(403,63), (382,83), (341,145), (307,211), (293,224), (326,261), (344,262), 
frame 276:(405,63), (385,83), (344,146), (311,213), (297,226), (331,263), (349,263), 
frame 277:(406,63), (387,83), (347,148), (315,214), (301,228), (336,264), (353,264), 
frame 278:(408,63), (389,84), (350,149), (319,216), (305,230), (341,265), (358,265), 
frame 279:(410,64), (391,84), (353,150), (323,218), (309,232), (346,266), (363,265), 
frame 280:(412,64), (393,85), (356,151), (327,220), (313,234), (351,268), (368,266), 
frame 281:(414,64), (395,85), (359,152), (331,222), (317,236), (356,269), (373,267), 
frame 282:(416,64), (397,86), (362,153), (335,223), (322,238), (362,270), (378,268), 
frame 283:(418,64), (399,86), (365,154), (339,225), (326,241), (367,271), (383,268), 
frame 284:(419,64), (401,86), (368,156), (343,227), (330,243), (372,272), (388,269), 
frame 285:(421,65), (403,87), (371,157), (347,228), (334,244), (377,274), (394,270), 
frame 286:(422,65), (405,87), (375,158), (351,230), (339,247), (383,274), (399,271), 
frame 287:(424,65), (407,88), (378,159), (355,232), (343,249), (388,276), (404,271), 
frame 288:(426,65), (409,88), (381,160), (360,234), (348,251), (394,277), (409,272), 
frame 289:(427,65), (411,89), (384,161), (364,235), (352,252), (400,278), (414,272), 
frame 290:(429,66), (413,89), (387,162), (368,237), (357,254), (405,279), (420,273), 
frame 291:(430,66), (415,89), (390,164), (373,238), (362,256), (411,279), (425,274), 
frame 292:(432,66), (416,90), (393,164), (377,240), (366,257), (416,280), (430,274), 
frame 293:(433,66), (418,90), (397,165), (382,241), (371,259), (422,281), (436,274), 
frame 294:(434,67), (420,91), (400,166), (386,242), (376,260), (427,281), (441,275), 
frame 295:(436,67), (422,91), (403,167), (391,244), (381,262), (433,282), (446,275), 
frame 296:(437,67), (423,92), (406,168), (395,245), (386,264), (438,282), (451,275), 
frame 297:(438,67), (425,92), (409,169), (400,246), (391,265), (444,283), (457,276), 
frame 298:(440,68), (426,93), (412,169), (404,247), (395,266), (450,283), (462,276), 
frame 299:(441,68), (428,93), (416,170), (409,248), (400,267), (455,284), (467,276), 
frame 300:(442,68), (430,93), (419,171), (414,249), (405,268), (461,284), (472,276), 
frame 301:(443,69), (431,94), (422,172), (418,250), (410,270), (466,284), (477,276), 
frame 302:(444,69), (433,94), (425,173), (423,251), (415,271), (471,285), (482,276), 
frame 303:(445,69), (434,95), (428,173), (427,251), (420,271), (477,285), (488,276), 
frame 304:(446,69), (436,95), (431,174), (432,252), (425,272), (482,285), (493,276), 
frame 305:(447,69), (437,95), (434,174), (437,253), (429,273), (487,285), (498,276), 
frame 306:(448,70), (439,96), (438,175), (441,253), (434,273), (493,284), (502,275), 
frame 307:(449,70), (440,96), (441,175), (445,254), (439,274), (498,284), (508,275), 
frame 308:(450,70), (442,96), (444,176), (450,254), (443,274), (503,284), (513,274), 
frame 309:(451,71), (443,97), (447,176), (454,255), (448,275), (508,284), (517,274), 
frame 310:(452,71), (445,97), (450,176), (459,255), (453,275), (513,283), (522,273), 
frame 311:(453,71), (446,97), (452,176), (463,255), (457,276), (519,283), (527,273), 
frame 312:(454,72), (447,98), (455,177), (467,256), (462,276), (523,283), (532,272), 
frame 313:(455,72), (448,98), (458,177), (471,256), (466,276), (528,282), (536,272), 
frame 314:(456,72), (450,98), (461,177), (475,256), (471,276), (533,281), (541,271), 
frame 315:(457,72), (451,99), (463,177), (480,256), (475,276), (538,281), (545,270), 
frame 316:(458,73), (453,99), (466,177), (484,256), (479,277), (542,280), (549,270), 
frame 317:(459,73), (454,99), (468,177), (487,256), (483,277), (546,280), (553,269), 
frame 318:(460,73), (455,99), (471,177), (491,256), (487,277), (550,279), (557,268), 
frame 319:(461,74), (457,100), (473,177), (494,255), (491,277), (554,279), (561,268), 
frame 320:(462,74), (458,100), (476,177), (498,255), (494,277), (558,278), (565,267), 
frame 321:(463,74), (459,100), (478,177), (501,255), (498,277), (561,278), (568,266), 
frame 322:(464,74), (461,100), (480,177), (504,255), (501,277), (565,277), (571,266), 
frame 323:(466,74), (463,100), (482,178), (507,255), (504,277), (567,277), (574,266), 
frame 324:(468,74), (464,101), (484,177), (509,255), (506,277), (570,277), (576,266), 
frame 325:(470,75), (466,101), (486,178), (511,255), (508,277), (572,277), (579,266), 
frame 326:(472,75), (468,101), (488,178), (513,255), (510,277), (574,277), (581,266), 
frame 327:(473,75), (470,101), (490,178), (515,256), (512,277), (576,277), (583,267), 
frame 328:(475,75), (472,101), (492,178), (516,256), (513,278), (577,278), (584,267), 
frame 329:(477,75), (474,101), (493,178), (517,256), (514,278), (578,278), (585,268), 
frame 330:(479,75), (475,101), (495,179), (518,256), (515,278), (579,279), (586,269), 
frame 331:(481,75), (477,101), (496,179), (519,257), (516,278), (580,280), (587,270), 
frame 332:(483,75), (479,102), (497,179), (520,257), (516,278), (581,281), (588,270), 
frame 333:(484,75), (480,102), (498,179), (521,257), (517,279), (581,282), (589,271), 
frame 334:(486,76), (482,102), (499,180), (521,258), (517,279), (582,282), (589,272), 
frame 335:(488,76), (484,102), (500,180), (522,258), (518,279), (582,283), (590,273), 
frame 336:(489,76), (485,102), (501,180), (523,258), (518,279), (583,284), (591,274), 
frame 337:(491,76), (486,103), (502,181), (523,259), (518,279), (583,285), (591,275), 
frame 338:(492,77), (488,103), (503,181), (523,259), (518,280), (583,285), (591,276), 
frame 339:(494,77), (489,103), (504,181), (523,259), (518,280), (583,286), (591,277), 
frame 340:(495,77), (490,104), (505,182), (524,260), (518,280), (583,287), (592,278), 
frame 341:(496,77), (491,104), (505,182), (524,260), (518,281), (583,288), (591,279), 
frame 342:(498,78), (492,104), (506,183), (524,260), (518,281), (583,289), (591,280), 
frame 343:(499,78), (493,105), (506,183), (524,261), (518,281), (583,289), (591,281), 
frame 344:(500,78), (494,105), (507,183), (524,261), (518,281), (583,290), (591,282), 
frame 345:(501,79), (495,105), (507,184), (524,262), (518,282), (583,291), (591,282), 
frame 346:(502,79), (496,105), (508,184), (524,262), (518,282), (583,292), (591,284), 
frame 347:(503,79), (497,106), (508,185), (524,263), (518,282), (584,292), (592,284), 
frame 348:(504,80), (498,106), (509,185), (524,263), (518,283), (585,293), (593,285), 
frame 349:(505,80), (499,106), (509,185), (525,263), (518,283), (585,293), (593,286), 
frame 350:(506,80), (500,107), (510,186), (525,263), (518,283), (586,293), (593,286), 
frame 351:(507,80), (500,107), (511,186), (526,263), (519,283), (585,293), (594,287), 
frame 352:(508,81), (501,107), (511,186), (527,263), (519,282), (585,293), (595,287), 
frame 353:(509,81), (502,107), (512,186), (527,263), (520,282), (585,294), (596,288), 
frame 354:(510,81), (503,107), (513,186), (528,263), (520,282), (586,294), (596,288), 
frame 355:(511,81), (504,107), (514,186), (528,263), (520,282), (586,294), (596,288), 
frame 356:(512,81), (505,107), (515,186), (529,263), (520,282), (586,294), (596,288), 
frame 357:(513,80), (506,107), (516,186), (528,263), (520,282), (586,294), (596,288), 
frame 358:(514,80), (507,107), (517,186), (528,263), (520,282), (586,294), (596,288), 
frame 359:(515,80), (509,107), (518,186), (529,263), (520,282), (586,294), (596,288), 
frame 360:(516,80), (510,106), (518,186), (529,263), (520,282), (586,294), (596,288), 
frame 361:(517,79), (511,106), (519,186), (529,263), (520,282), (586,294), (596,288), 
frame 362:(519,79), (512,106), (519,186), (529,263), (520,282), (586,294), (596,288), 
frame 363:(520,79), (513,106), (520,186), (529,263), (520,282), (586,294), (596,288), 
frame 364:(521,79), (513,105), (520,186), (529,263), (520,282), (586,294), (596,288), 
frame 365:(521,79), (514,105), (520,185), (529,263), (520,282), (586,294), (596,288), 
frame 366:(522,79), (514,105), (521,185), (529,263), (520,282), (586,294), (596,288), 
frame 367:(523,78), (515,105), (521,185), (528,263), (520,283), (586,294), (596,288), 
frame 368:(524,78), (515,105), (521,185), (528,263), (520,283), (586,294), (596,288), 
frame 369:(524,78), (516,105), (521,185), (528,263), (520,283), (586,294), (596,288), 
frame 370:(525,78), (516,105), (521,185), (528,263), (520,283), (586,294), (596,288), 
frame 371:(526,78), (517,105), (521,185), (528,263), (520,283), (586,294), (596,288), 
frame 372:(526,78), (517,105), (521,185), (528,263), (520,283), (586,294), (596,288), 
frame 373:(527,78), (518,105), (521,185), (528,263), (519,283), (586,294), (596,288), 
frame 374:(528,78), (518,105), (521,185), (528,263), (519,283), (586,294), (596,288), 
frame 375:(528,78), (519,105), (521,185), (528,263), (519,283), (586,294), (596,288), 
frame 376:(529,77), (519,105), (522,185), (528,263), (519,283), (586,294), (596,288), 
frame 377:(530,77), (520,104), (522,185), (528,263), (519,283), (586,294), (596,288), 
frame 378:(530,77), (521,105), (523,185), (528,263), (519,283), (586,294), (596,288), 
frame 379:(531,77), (521,104), (523,185), (528,263), (519,283), (586,294), (596,288), 
frame 380:(532,77), (522,104), (524,185), (528,263), (519,283), (586,294), (596,288), 
frame 381:(532,77), (523,104), (524,185), (528,263), (519,283), (586,294), (596,288), 
frame 382:(533,77), (523,104), (524,185), (528,263), (519,283), (586,294), (596,288), 
frame 383:(534,77), (524,104), (525,185), (528,263), (519,283), (586,294), (596,288), 
frame 384:(534,77), (525,104), (525,185), (528,263), (519,283), (586,294), (596,288), 
frame 385:(535,78), (525,104), (525,185), (528,263), (519,283), (586,294), (596,288), 
frame 386:(536,77), (526,105), (526,185), (528,264), (519,283), (586,294), (596,288), 
frame 387:(537,77), (526,105), (526,186), (528,264), (519,283), (586,294), (596,288), 
frame 388:(537,77), (527,105), (526,186), (528,264), (519,283), (586,294), (596,288), 
frame 389:(538,77), (528,105), (527,186), (528,264), (519,283), (586,294), (596,288), 
frame 390:(539,78), (528,105), (527,186), (529,264), (519,283), (586,294), (596,288), 
frame 391:(540,78), (529,105), (527,186), (529,264), (519,283), (586,294), (596,288), 
frame 392:(540,78), (530,105), (527,186), (529,264), (519,283), (586,294), (596,288), 
frame 393:(541,78), (531,105), (528,186), (529,264), (519,283), (586,294), (596,288), 
frame 394:(542,78), (531,105), (528,186), (529,264), (519,283), (586,294), (596,288), 
frame 395:(543,78), (532,105), (529,186), (529,264), (519,283), (586,294), (596,288), 
frame 396:(544,78), (533,105), (529,186), (529,264), (519,283), (586,294), (596,288), 
frame 397:(544,78), (534,105), (530,186), (529,264), (519,283), (586,294), (596,288), 
frame 398:(545,78), (534,105), (530,186), (529,264), (519,283), (586,294), (596,288), 
frame 399:(546,78), (535,105), (531,186), (529,264), (519,283), (586,294), (596,288), 
frame 400:(547,78), (536,105), (531,186), (529,264), (519,283), (586,294), (596,289), 
frame 401:(548,78), (536,105), (531,187), (529,264), (519,283), (586,294), (596,289), 
frame 402:(549,78), (537,105), (532,187), (529,264), (519,283), (586,294), (596,289), 
frame 403:(549,78), (538,105), (532,187), (529,264), (519,283), (586,294), (596,289), 
frame 404:(550,78), (538,105), (532,187), (529,264), (519,283), (586,294), (596,289), 
frame 405:(551,78), (539,105), (533,187), (529,264), (519,283), (586,294), (596,289), 
frame 406:(552,78), (540,105), (533,187), (529,264), (519,283), (586,294), (596,289), 
frame 407:(553,78), (541,105), (533,187), (529,264), (519,283), (586,294), (596,289), 
frame 408:(554,78), (541,105), (534,187), (529,264), (519,283), (586,294), (596,289), 
frame 409:(554,78), (542,105), (534,187), (529,264), (519,283), (586,294), (596,289), 
frame 410:(555,78), (542,106), (534,187), (529,264), (519,283), (586,294), (596,289), 
frame 411:(556,78), (543,106), (535,187), (529,264), (519,283), (586,294), (596,289), 
frame 412:(557,78), (544,105), (535,187), (529,264), (519,283), (586,294), (596,289), 
frame 413:(557,78), (544,106), (535,187), (529,264), (519,283), (586,294), (596,289), 
frame 414:(558,78), (545,106), (536,187), (529,264), (519,283), (586,294), (596,289), 
frame 415:(558,79), (546,106), (536,187), (529,264), (519,283), (586,294), (596,289), 
frame 416:(559,78), (546,106), (536,187), (529,264), (519,283), (586,294), (596,289), 
frame 417:(560,79), (547,106), (536,187), (529,264), (519,283), (586,294), (596,289), 
frame 418:(560,79), (547,106), (537,187), (529,264), (519,283), (586,294), (596,289), 
frame 419:(561,79), (547,106), (537,187), (529,264), (519,283), (586,294), (596,289), 
frame 420:(561,79), (548,106), (537,187), (529,264), (519,283), (586,294), (596,289), 
frame 421:(562,79), (549,106), (537,187), (529,264), (519,283), (586,294), (596,289), 
frame 422:(562,79), (549,106), (538,187), (529,264), (519,283), (586,294), (596,289), 
frame 423:(562,79), (549,106), (538,187), (529,264), (519,283), (586,294), (596,289), 
frame 424:(563,79), (550,106), (538,187), (529,264), (519,283), (586,294), (596,289), 
frame 425:(563,79), (550,106), (538,187), (529,264), (519,283), (586,294), (596,289), 
frame 426:(564,79), (550,106), (538,187), (529,264), (519,283), (586,294), (596,289), 
frame 427:(564,79), (550,106), (539,187), (530,264), (519,283), (586,294), (596,289), 
frame 428:(564,79), (551,106), (539,187), (529,264), (519,283), (586,294), (596,289), 
frame 429:(565,79), (551,106), (539,187), (530,264), (519,283), (586,294), (596,289), 
frame 430:(565,79), (551,106), (539,187), (530,264), (519,283), (586,294), (596,289), 
frame 431:(565,79), (551,106), (539,187), (530,264), (519,283), (586,294), (596,289), 
frame 432:(566,79), (552,106), (539,187), (530,264), (519,283), (586,294), (596,289), 
frame 433:(566,79), (552,106), (539,187), (530,264), (519,283), (586,294), (596,289), 
frame 434:(566,79), (552,106), (539,187), (529,264), (519,283), (585,294), (596,289), 
frame 435:(566,79), (552,106), (539,187), (529,264), (519,283), (585,294), (596,289), 
frame 436:(567,79), (553,106), (539,187), (529,264), (519,283), (585,294), (596,289), 
frame 437:(567,79), (553,106), (539,187), (529,264), (519,283), (585,294), (596,289), 
frame 438:(567,79), (553,106), (540,187), (529,264), (519,283), (585,294), (596,289), 
frame 439:(568,79), (553,106), (540,187), (529,264), (519,283), (585,294), (596,289), 
frame 440:(568,79), (554,106), (540,187), (529,264), (519,283), (585,294), (596,289), 
frame 441:(568,79), (554,106), (540,187), (529,264), (519,283), (585,294), (596,289), 
frame 442:(569,79), (554,106), (540,187), (529,264), (519,283), (585,294), (596,289), 
frame 443:(569,79), (554,106), (540,187), (529,264), (519,283), (585,294), (596,289), 
frame 444:(569,79), (555,106), (540,187), (529,264), (519,283), (585,294), (596,289), 
frame 445:(570,79), (555,106), (540,187), (529,264), (519,283), (585,294), (596,289), 
frame 446:(570,79), (555,106), (540,187), (529,264), (519,283), (585,294), (596,289), 
frame 447:(570,79), (556,106), (541,187), (529,264), (519,283), (585,294), (596,289), 
frame 448:(571,79), (556,106), (541,187), (529,264), (519,283), (585,294), (596,289), 
frame 449:(571,80), (556,106), (541,187), (529,264), (519,283), (585,294), (596,289), 
frame 450:(571,80), (557,106), (541,187), (529,264), (519,283), (585,294), (596,289), 
frame 451:(572,80), (557,106), (541,187), (529,264), (519,283), (585,294), (596,289), 
frame 452:(572,80), (557,106), (541,187), (529,264), (519,283), (585,294), (596,289), 
frame 453:(572,80), (558,106), (541,187), (529,264), (519,283), (585,294), (596,289), 
frame 454:(573,80), (558,106), (541,187), (529,264), (519,283), (585,294), (596,289), 
frame 455:(573,80), (558,106), (542,187), (529,264), (519,284), (585,295), (596,289), 
frame 456:(573,80), (558,106), (542,187), (529,264), (519,284), (585,295), (596,289), 
frame 457:(574,80), (559,106), (542,187), (529,264), (519,283), (585,295), (596,289), 
frame 458:(574,80), (559,106), (542,187), (529,264), (519,283), (585,295), (596,289), 
frame 459:(574,80), (559,106), (542,187), (529,264), (519,283), (585,295), (596,289), 
frame 460:(574,80), (559,106), (542,187), (529,264), (519,283), (585,295), (596,289), 
frame 461:(575,80), (560,106), (542,187), (529,264), (519,283), (585,295), (596,289), 
frame 462:(575,80), (560,106), (542,187), (529,264), (518,283), (585,295), (596,289), 
frame 463:(576,80), (561,106), (542,187), (529,264), (518,283), (585,295), (596,289), 
frame 464:(576,80), (561,106), (542,187), (529,264), (518,283), (585,295), (596,289), 
frame 465:(576,80), (561,106), (543,187), (529,264), (518,283), (585,295), (596,289), 
frame 466:(577,80), (561,106), (543,187), (529,264), (518,283), (585,295), (596,289), 
frame 467:(577,80), (562,106), (543,187), (529,264), (518,283), (585,295), (596,289), 
frame 468:(578,80), (562,106), (543,187), (529,264), (518,283), (585,295), (596,289), 
frame 469:(578,81), (562,106), (543,187), (529,264), (518,283), (585,295), (596,289), 
frame 470:(579,80), (563,106), (543,187), (529,264), (518,283), (585,295), (596,289), 
frame 471:(579,81), (563,106), (544,187), (529,264), (518,283), (585,295), (596,289), 
frame 472:(580,80), (563,106), (544,187), (529,264), (518,283), (585,295), (596,289), 
frame 473:(580,81), (564,106), (544,187), (529,264), (518,283), (585,295), (596,289), 
frame 474:(581,81), (564,107), (544,187), (529,264), (518,283), (585,295), (596,290), 
frame 475:(581,81), (565,106), (545,187), (529,264), (518,283), (585,295), (596,289), 
frame 476:(582,81), (565,107), (545,187), (529,264), (518,283), (585,295), (596,290), 
frame 477:(582,81), (566,107), (545,187), (529,264), (518,283), (585,295), (596,290), 
frame 478:(583,81), (566,107), (545,187), (529,264), (518,283), (585,295), (596,290), 
frame 479:(583,81), (567,107), (545,187), (529,264), (518,283), (585,295), (596,290), 
